%YAML:1.0
---
Calibration_Type: CAMERA_STEREO
Target_Type: 1
Left_CAM_K: !!opencv-matrix
   rows: 3
   cols: 3
   dt: d
   data: [ 3029.1694392488239, 0., 1236.9347775304645, 0.,
       3026.4822271835887, 1005.730430930024, 0., 0., 1. ]
Left_CAM_D: !!opencv-matrix
   rows: 1
   cols: 5
   dt: d
   data: [ -0.094265512017954689, 0.12554383823844781,
       7.2802747209358676e-05, -0.00011337032109845248,
       -0.041458250230917336 ]
Right_CAM_K: !!opencv-matrix
   rows: 3
   cols: 3
   dt: d
   data: [ 3032.5423535231571, 0., 1198.0182319733967, 0.,
       3029.9705696354927, 997.81002300499017, 0., 0., 1. ]
Right_CAM_D: !!opencv-matrix
   rows: 1
   cols: 5
   dt: d
   data: [ -0.095647760810359722, 0.13768540919250072,
       -0.00023988346306402507, 0.00014242125688642408,
       -0.074623784870171531 ]
R: !!opencv-matrix
   rows: 3
   cols: 3
   dt: d
   data: [ 0.9752739895387037, 0.00098845937125227536,
       0.22099698703224854, -0.0016521145123289292, 0.99999466416352256,
       0.0028181841887655996, -0.22099302216789243,
       -0.0031136140664892674, 0.97527041868424702 ]
T: !!opencv-matrix
   rows: 3
   cols: 1
   dt: d
   data: [ -174.69783336987638, 0.3613106751884817, 21.914500033817138 ]
Essential Mat: !!opencv-matrix
   rows: 3
   cols: 3
   dt: d
   data: [ -0.04364187451512222, -21.915508083629113, 0.2906165159661519,
       -17.23436028586497, -0.52228003844091031, 175.22066757366184,
       -0.063756077871199412, -174.69725835172738, -0.57217924241383478 ]
Fundamental Mat: !!opencv-matrix
   rows: 3
   cols: 3
   dt: d
   data: [ 8.5314722485168542e-10, 4.2880275664656303e-07,
       -0.00044952461780944328, 3.371974011533465e-07,
       1.0227698504669501e-08, -0.010812172991856328,
       -0.0003337014045663895, 0.0098417896261261111, 1. ]
R_rect_left: !!opencv-matrix
   rows: 3
   cols: 3
   dt: d
   data: [ 0.9951976309855679, -0.00068379371199557874,
       0.09788364371473271, 0.00053075358898313539, 0.9999985958619565,
       0.0015895202871191367, -0.097884593176562174,
       -0.0015299347289401243, 0.99519659651668024 ]
P_rect_left: !!opencv-matrix
   rows: 3
   cols: 4
   dt: d
   data: [ 3028.2263984095407, 0., 888.53428649902344, 0., 0.,
       3028.2263984095407, 1001.0330276489258, 0., 0., 0., 1., 0. ]
R_rect_right: !!opencv-matrix
   rows: 3
   cols: 3
   dt: d
   data: [ 0.99222167838915298, -0.0020521163751151417,
       -0.12446658086809936, 0.0018573673477883948, 0.99999686272820543,
       -0.0016806904182753422, 0.12446963935493466,
       0.0014364373044784559, 0.9922223770540165 ]
P_rect_right: !!opencv-matrix
   rows: 3
   cols: 4
   dt: d
   data: [ 3028.2263984095407, 0., 1642.1662292480469,
       -533171.77227418451, 0., 3028.2263984095407, 1001.0330276489258,
       0., 0., 0., 1., 0. ]
Q: !!opencv-matrix
   rows: 4
   cols: 4
   dt: d
   data: [ 1., 0., 0., -888.53428649902344, 0., 1., 0.,
       -1001.0330276489258, 0., 0., 0., 3028.2263984095407, 0., 0.,
       0.0056796450147632155, 4.2803619066008078 ]
RMS_Left: 0.099318110247412369
RMS_Right: 0.10071722230321548
RMS_Stereo: 0.11975911156453863
