%YAML:1.0
---
Calibration_Type: CAMERA_STEREO
Target_Type: 1
Left_CAM_K: !!opencv-matrix
   rows: 3
   cols: 3
   dt: d
   data: [ 3027.0974070365928, 0., 1237.3773617669076, 0.,
       3024.6335171577489, 1003.1595871558569, 0., 0., 1. ]
Left_CAM_D: !!opencv-matrix
   rows: 1
   cols: 5
   dt: d
   data: [ -0.096995616089149833, 0.16331571055199609,
       0.00010885169892179569, -0.00010203487721237818,
       -0.16200428876399653 ]
Right_CAM_K: !!opencv-matrix
   rows: 3
   cols: 3
   dt: d
   data: [ 3025.8150034449982, 0., 1200.2164029163011, 0.,
       3023.2237907910721, 996.97057720814985, 0., 0., 1. ]
Right_CAM_D: !!opencv-matrix
   rows: 1
   cols: 5
   dt: d
   data: [ -0.096454444354085331, 0.16884042868851781,
       -0.00010773031234805219, 0.00016925113099808796,
       -0.19077871246497263 ]
R: !!opencv-matrix
   rows: 3
   cols: 3
   dt: d
   data: [ 0.97438231711796963, 0.0010976987210729126,
       0.22489529818414203, -0.0016221567859853511, 0.99999637895858795,
       0.0021472487219419741, -0.22489212679677803,
       -0.0024570566192000255, 0.97438056947867746 ]
T: !!opencv-matrix
   rows: 3
   cols: 1
   dt: d
   data: [ -175.32684684820128, 0.27152737256206771, 14.155068449563394 ]
Essential Mat: !!opencv-matrix
   rows: 3
   cols: 3
   dt: d
   data: [ -0.038102627957478118, -14.155684351602396,
       0.23417654326875043, -25.637179077415922, -0.41524998903805682,
       174.01848121663272, 0.019836163942242357, -175.32651003767779,
       -0.43753557723441933 ]
Fundamental Mat: !!opencv-matrix
   rows: 3
   cols: 3
   dt: d
   data: [ 8.0851843011652375e-10, 3.0062112762521859e-07,
       -0.00031761338085360393, 5.4447420101588372e-07,
       8.8261302989552156e-09, -0.011869965643125259,
       -0.00054506876142181677, 0.010896619587111597, 1. ]
R_rect_left: !!opencv-matrix
   rows: 3
   cols: 3
   dt: d
   data: [ 0.98932132802130823, -0.00025179732676085395,
       0.14575063128597932, 7.3712321665696197e-05, 0.99999924421587105,
       0.0012272465849127202, -0.14575083014737478,
       -0.0012033976037791366, 0.98932059886851564 ]
P_rect_left: !!opencv-matrix
   rows: 3
   cols: 4
   dt: d
   data: [ 3023.9286539744107, 0., 715.15980529785156, 0., 0.,
       3023.9286539744107, 999.218994140625, 0., 0., 0., 1., 0. ]
R_rect_right: !!opencv-matrix
   rows: 3
   cols: 3
   dt: d
   data: [ 0.99675556325761305, -0.0015436678640110496,
       -0.080473375749526344, 0.00144552386089382, 0.99999813880791388,
       -0.0012778268566881266, 0.080475198513370705,
       0.001157354843471265, 0.99675593951277763 ]
P_rect_right: !!opencv-matrix
   rows: 3
   cols: 4
   dt: d
   data: [ 3023.9286539744107, 0., 1485.4363250732422,
       -531901.59708016028, 0., 3023.9286539744107, 999.218994140625, 0.,
       0., 0., 1., 0. ]
Q: !!opencv-matrix
   rows: 4
   cols: 4
   dt: d
   data: [ 1., 0., 0., -715.15980529785156, 0., 1., 0.,
       -999.218994140625, 0., 0., 0., 3023.9286539744107, 0., 0.,
       0.0056851279833978188, 4.379120597529357 ]
RMS_Left: 0.10447185158241008
RMS_Right: 0.10199963505599616
RMS_Stereo: 0.14579205193457462
